Mode	X(m)	Y(m)	Z(m)	Power(W)	tParam
1	0.00183385	0	0	0	0
0	0.002	5.09695e-05	0	200	1
1	0.002	0.000155478	0	0	0
0	0.00149202	0	0	200	1
1	0.00115019	0	0	0	0
0	0.002	0.000259987	0	200	1
1	0.002	0.000364925	0	0	0
0	0.000806951	0	0	200	1
1	0.000466518	0	0	0	0
0	0.002	0.000469005	0	200	1
1	0.002	0.000573943	0	0	0
0	0.000123284	0	0	200	1
1	0	6.68172e-05	0	0	0
0	0.002	0.00067888	0	200	1
1	0.002	0.00078296	0	0	0
0	0	0.000171326	0	200	1
1	0	0.000276263	0	0	0
0	0.002	0.000887898	0	200	1
1	0.002	0.000991978	0	0	0
0	0	0.000380344	0	200	1
1	0	0.000484853	0	0	0
0	0.002	0.00109692	0	200	1
1	0.002	0.001201	0	0	0
0	0	0.000589362	0	200	1
1	0	0.000694299	0	0	0
0	0.002	0.00130593	0	200	1
1	0.002	0.00141044	0	0	0
0	0	0.000798808	0	200	1
1	0	0.000903745	0	0	0
0	0.002	0.00151538	0	200	1
1	0.002	0.00161946	0	0	0
0	0	0.00100783	0	200	1
1	0	0.00111233	0	0	0
0	0.002	0.00172397	0	200	1
1	0.002	0.00182933	0	0	0
0	0	0.00121727	0	200	1
1	0	0.00132135	0	0	0
0	0.002	0.00193299	0	200	1
1	0.00187728	0.002	0	0	0
0	0	0.00142586	0	200	1
1	0	0.0015308	0	0	0
0	0.00153405	0.002	0	200	1
1	0.00119221	0.002	0	0	0
0	0	0.00163531	0	200	1
1	0	0.00173982	0	0	0
0	0.000850381	0.002	0	200	1
1	0.000507146	0.002	0	0	0
0	0	0.00184475	0	200	1
1	0	0.00194926	0	0	0
0	0.000165313	0.002	0	200	1
