Mode	X(m)	Y(m)	Z(m)	Power(W)	tParam
1	0	3.16361e-05	0	0	0
0	6.78437e-05	0	0	200	1
1	0.000302389	0	0	0	0
0	0	0.000141006	0	200	1
1	0	0.000252185	0	0	0
0	0.000540811	0	0	200	1
1	0.000777295	0	0	0	0
0	0	0.000362459	0	200	1
1	0	0.000472733	0	0	0
0	0.00101378	0	0	200	1
1	0.00125026	0	0	0	0
0	0	0.000583007	0	200	1
1	0	0.000694185	0	0	0
0	0.00148869	0	0	200	1
1	0.00172323	0	0	0	0
0	0	0.000803556	0	200	1
1	0	0.000914734	0	0	0
0	0.00196165	0	0	200	1
1	0.002	9.12926e-05	0	0	0
0	0	0.0010241	0	200	1
1	0	0.00113528	0	0	0
0	0.002	0.000202471	0	200	1
1	0.002	0.000312745	0	0	0
0	0	0.00124556	0	200	1
1	0	0.00135583	0	0	0
0	0.002	0.000423019	0	200	1
1	0.002	0.000533293	0	0	0
0	0	0.00146611	0	200	1
1	0	0.00157638	0	0	0
0	0.002	0.000643568	0	200	1
1	0.002	0.000752938	0	0	0
0	0	0.00168575	0	200	1
1	0	0.00179602	0	0	0
0	0.002	0.000863212	0	200	1
1	0.002	0.00097439	0	0	0
0	0	0.00190811	0	200	1
1	3.68295e-05	0.002	0	0	0
0	0.002	0.00108466	0	200	1
1	0.002	0.00119494	0	0	0
0	0.000275252	0.002	0	200	1
1	0.000511736	0.002	0	0	0
0	0.002	0.00130431	0	200	1
1	0.002	0.00141549	0	0	0
0	0.000748219	0.002	0	200	1
1	0.000984703	0.002	0	0	0
0	0.002	0.00152576	0	200	1
1	0.002	0.00163694	0	0	0
0	0.00122313	0.002	0	200	1
1	0.00145767	0.002	0	0	0
0	0.002	0.00174721	0	200	1
1	0.002	0.00185749	0	0	0
0	0.00169609	0.002	0	200	1
1	0.00193064	0.002	0	0	0
0	0.002	0.00196686	0	200	1
