Mode	X(m)	Y(m)	Z(m)	Power(W)	tParam
1	0.00191619	0	0	0	0
0	0.002	0.000138379	0	200	1
1	0.002	0.000330837	0	0	0
0	0.00180151	0	0	200	1
1	0.00168395	0	0	0	0
0	0.002	0.000526476	0	200	1
1	0.002	0.000720525	0	0	0
0	0.00156736	0	0	200	1
1	0.00144981	0	0	0	0
0	0.002	0.000914573	0	200	1
1	0.002	0.00110862	0	0	0
0	0.00133321	0	0	200	1
1	0.00121757	0	0	0	0
0	0.002	0.00130267	0	200	1
1	0.002	0.00149831	0	0	0
0	0.00110002	0	0	200	1
1	0.000983422	0	0	0	0
0	0.002	0.00169236	0	200	1
1	0.002	0.00188323	0	0	0
0	0.000867781	0	0	200	1
1	0.000750229	0	0	0	0
0	0.00195251	0.002	0	200	1
1	0.00183591	0.002	0	0	0
0	0.000634589	0	0	200	1
1	0.000517037	0	0	0	0
0	0.00171932	0.002	0	200	1
1	0.00160176	0.002	0	0	0
0	0.000400441	0	0	200	1
1	0.000283845	0	0	0	0
0	0.00148517	0.002	0	200	1
1	0.00136857	0.002	0	0	0
0	0.000166293	0	0	200	1
1	4.96967e-05	0	0	0	0
0	0.00125102	0.002	0	200	1
1	0.00113538	0.002	0	0	0
0	0	0.000109749	0	200	1
1	0	0.000303797	0	0	0
0	0.00101974	0.002	0	200	1
1	0.000902187	0.002	0	0	0
0	0	0.000497846	0	200	1
1	0	0.000693485	0	0	0
0	0.00078559	0.002	0	200	1
1	0.000668039	0.002	0	0	0
0	0	0.000887534	0	200	1
1	0	0.00107999	0	0	0
0	0.000552398	0.002	0	200	1
1	0.000435802	0.002	0	0	0
0	0	0.00127563	0	200	1
1	0	0.00146968	0	0	0
0	0.00031825	0.002	0	200	1
1	0.000201654	0.002	0	0	0
0	0	0.00166373	0	200	1
1	0	0.00185778	0	0	0
0	8.50578e-05	0.002	0	200	1
