Mode	X(m)	Y(m)	Z(m)	Power(W)	tParam
1	0.000438823	0.002	0	0	0
0	0	0.00189841	0	200	1
1	0	0.00179542	0	0	0
0	0.000886749	0.002	0	200	1
1	0.00132921	0.002	0	0	0
0	0	0.00169285	0	200	1
1	0	0.00159028	0	0	0
0	0.0017735	0.002	0	200	1
1	0.002	0.00194927	0	0	0
0	0	0.00148728	0	200	1
1	0	0.00138513	0	0	0
0	0.002	0.00184712	0	200	1
1	0.002	0.00174455	0	0	0
0	0	0.00128256	0	200	1
1	0	0.00117957	0	0	0
0	0.002	0.00164156	0	200	1
1	0.002	0.00153899	0	0	0
0	0	0.001077	0	200	1
1	0	0.000974848	0	0	0
0	0.002	0.00143642	0	200	1
1	0.002	0.00133385	0	0	0
0	0	0.000871856	0	200	1
1	0	0.000769285	0	0	0
0	0.002	0.00123086	0	200	1
1	0.002	0.0011287	0	0	0
0	0	0.000666713	0	200	1
1	0	0.000563301	0	0	0
0	0.002	0.00102529	0	200	1
1	0.002	0.000923562	0	0	0
0	0	0.000461571	0	200	1
1	0	0.000359	0	0	0
0	0.002	0.000820991	0	200	1
1	0.002	0.000717999	0	0	0
0	0	0.000256008	0	200	1
1	0	0.000153437	0	0	0
0	0.002	0.000615428	0	200	1
1	0.002	0.000512436	0	0	0
0	0	5.08653e-05	0	200	1
1	0.000223963	0	0	0	0
0	0.002	0.000410285	0	200	1
1	0.002	0.000307294	0	0	0
0	0.000670069	0	0	200	1
1	0.00111253	0	0	0	0
0	0.002	0.000205143	0	200	1
1	0.002	0.000101731	0	0	0
0	0.00156046	0	0	200	1
