Mode	X(m)	Y(m)	Z(m)	Power(W)	tParam
1	0.002	0.00193239	0	0	0
0	0.00103345	0.002	0	200	1
1	0	0.00197201	0	0	0
0	0.002	0.0018321	0	200	1
1	0.002	0.00173191	0	0	0
0	0	0.00187182	0	200	1
1	0	0.00177164	0	0	0
0	0.002	0.00163173	0	200	1
1	0.002	0.00153144	0	0	0
0	0	0.00167135	0	200	1
1	0	0.00157096	0	0	0
0	0.002	0.00143104	0	200	1
1	0.002	0.00133096	0	0	0
0	0	0.00147087	0	200	1
1	0	0.00137048	0	0	0
0	0.002	0.00123057	0	200	1
1	0.002	0.00113038	0	0	0
0	0	0.00127029	0	200	1
1	0	0.00117011	0	0	0
0	0.002	0.0010302	0	200	1
1	0.002	0.000929907	0	0	0
0	0	0.00106982	0	200	1
1	0	0.00096953	0	0	0
0	0.002	0.000829618	0	200	1
1	0.002	0.000729431	0	0	0
0	0	0.000869343	0	200	1
1	0	0.000769157	0	0	0
0	0.002	0.000629245	0	200	1
1	0.002	0.000528956	0	0	0
0	0	0.000668868	0	200	1
1	0	0.000568681	0	0	0
0	0.002	0.000428769	0	200	1
1	0.002	0.000328378	0	0	0
0	0	0.00046829	0	200	1
1	0	0.000368	0	0	0
0	0.002	0.000228088	0	200	1
1	0.002	0.000127902	0	0	0
0	0	0.000267814	0	200	1
1	0	0.000167628	0	0	0
0	0.002	2.77155e-05	0	200	1
1	0.000962984	0	0	0	0
0	0	6.73384e-05	0	200	1
