Mode	X(m)	Y(m)	Z(m)	Power(W)	tParam
1	0	1.27445e-05	0	0	0
0	1.06939e-05	0	0	200	1
1	0.000142229	0	0	0	0
0	0	0.000169502	0	200	1
1	0	0.00032371	0	0	0
0	0.000271625	0	0	200	1
1	0.00040316	0	0	0	0
0	0	0.000480467	0	200	1
1	0	0.00063595	0	0	0
0	0.000533625	0	0	200	1
1	0.000663022	0	0	0	0
0	0	0.000790158	0	200	1
1	0	0.000946916	0	0	0
0	0.000794557	0	0	200	1
1	0.000925022	0	0	0	0
0	0	0.0011024	0	200	1
1	0	0.00125788	0	0	0
0	0.00105549	0	0	200	1
1	0.00118595	0	0	0	0
0	0	0.00141336	0	200	1
1	0	0.00156885	0	0	0
0	0.00131642	0	0	200	1
1	0.00144688	0	0	0	0
0	0	0.00172433	0	200	1
1	0	0.00187854	0	0	0
0	0.00157628	0	0	200	1
1	0.00170888	0	0	0	0
0	3.10123e-05	0.002	0	200	1
1	0.000160408	0.002	0	0	0
0	0.00183935	0	0	200	1
1	0.00196875	0	0	0	0
0	0.000289805	0.002	0	200	1
1	0.000422409	0.002	0	0	0
0	0.002	0.000121073	0	200	1
1	0.002	0.000275281	0	0	0
0	0.000551805	0.002	0	200	1
1	0.000682271	0.002	0	0	0
0	0.002	0.000430764	0	200	1
1	0.002	0.000586247	0	0	0
0	0.000813806	0.002	0	200	1
1	0.000944271	0.002	0	0	0
0	0.002	0.000741729	0	200	1
1	0.002	0.000897212	0	0	0
0	0.00107474	0.002	0	200	1
1	0.0012052	0.002	0	0	0
0	0.002	0.00105269	0	200	1
1	0.002	0.00120945	0	0	0
0	0.00133674	0.002	0	200	1
1	0.00146613	0.002	0	0	0
0	0.002	0.00136366	0	200	1
1	0.002	0.00151914	0	0	0
0	0.0015966	0.002	0	200	1
1	0.00172813	0.002	0	0	0
0	0.002	0.0016759	0	200	1
1	0.002	0.00183011	0	0	0
0	0.00185753	0.002	0	200	1
1	0.00198906	0.002	0	0	0
0	0.002	0.00198687	0	200	1
