Mode	X(m)	Y(m)	Z(m)	Power(W)	tParam
1	2.6612e-06	0.002	0	0	0
0	0	0.00199703	0	200	1
1	0	0.00186916	0	0	0
0	0.000166325	0.002	0	200	1
1	0.000328659	0.002	0	0	0
0	0	0.00174338	0	200	1
1	0	0.00161655	0	0	0
0	0.000490992	0.002	0	200	1
1	0.000653325	0.002	0	0	0
0	0	0.00148972	0	200	1
1	0	0.00136289	0	0	0
0	0.000815659	0.002	0	200	1
1	0.000977992	0.002	0	0	0
0	0	0.00123502	0	200	1
1	0	0.00110819	0	0	0
0	0.00114033	0.002	0	200	1
1	0.00130399	0.002	0	0	0
0	0	0.000981363	0	200	1
1	0	0.000854535	0	0	0
0	0.00146632	0.002	0	200	1
1	0.00162733	0.002	0	0	0
0	0	0.000728745	0	200	1
1	0	0.000601917	0	0	0
0	0.00178966	0.002	0	200	1
1	0.00195332	0.002	0	0	0
0	0	0.000473009	0	200	1
1	0	0.00034722	0	0	0
0	0.002	0.00190971	0	200	1
1	0.002	0.00178288	0	0	0
0	0	0.000220391	0	200	1
1	0	9.25226e-05	0	0	0
0	0.002	0.00165501	0	200	1
1	0.002	0.00152922	0	0	0
0	4.25792e-05	0	0	200	1
1	0.000206243	0	0	0	0
0	0.002	0.00140135	0	200	1
1	0.002	0.00127452	0	0	0
0	0.000368577	0	0	200	1
1	0.00053091	0	0	0	0
0	0.002	0.0011477	0	200	1
1	0.002	0.00102087	0	0	0
0	0.000693243	0	0	200	1
1	0.000854246	0	0	0	0
0	0.002	0.000895078	0	200	1
1	0.002	0.000768249	0	0	0
0	0.00101658	0	0	200	1
1	0.00118157	0	0	0	0
0	0.002	0.000639342	0	200	1
1	0.002	0.000513552	0	0	0
0	0.00134258	0	0	200	1
1	0.00150491	0	0	0	0
0	0.002	0.000386724	0	200	1
1	0.002	0.000258855	0	0	0
0	0.00166857	0	0	200	1
1	0.00182958	0	0	0	0
0	0.002	0.000133066	0	200	1
1	0.002	6.23748e-06	0	0	0
0	0.00199191	0	0	200	1
