Mode	X(m)	Y(m)	Z(m)	Power(W)	tParam
1	0.002	0.00198002	0	0	0
0	0.00198155	0.002	0	200	1
1	0.00184375	0.002	0	0	0
0	0.002	0.00183733	0	200	1
1	0.002	0.00169227	0	0	0
0	0.00170368	0.002	0	200	1
1	0.0015636	0.002	0	0	0
0	0.002	0.0015484	0	200	1
1	0.002	0.00140335	0	0	0
0	0.00142467	0.002	0	200	1
1	0.00128687	0.002	0	0	0
0	0.002	0.00126183	0	200	1
1	0.002	0.00111678	0	0	0
0	0.00114679	0.002	0	200	1
1	0.00100786	0.002	0	0	0
0	0.002	0.00097291	0	200	1
1	0.002	0.000829037	0	0	0
0	0.000868921	0.002	0	200	1
1	0.000729985	0.002	0	0	0
0	0.002	0.000685164	0	200	1
1	0.002	0.000541292	0	0	0
0	0.000591049	0.002	0	200	1
1	0.000452112	0.002	0	0	0
0	0.002	0.000397419	0	200	1
1	0.002	0.000253546	0	0	0
0	0.000314315	0.002	0	200	1
1	0.00017424	0.002	0	0	0
0	0.002	0.000109673	0	200	1
1	0.00196675	0	0	0	0
0	3.53035e-05	0.002	0	200	1
1	0	0.00189275	0	0	0
0	0.00182781	0	0	200	1
1	0.00168773	0	0	0	0
0	0	0.0017477	0	200	1
1	0	0.00160383	0	0	0
0	0.0015488	0	0	200	1
1	0.00140986	0	0	0	0
0	0	0.00145995	0	200	1
1	0	0.00131608	0	0	0
0	0.00127093	0	0	200	1
1	0.00113199	0	0	0	0
0	0	0.00117221	0	200	1
1	0	0.00102834	0	0	0
0	0.000993053	0	0	200	1
1	0.000854117	0	0	0	0
0	0	0.000884464	0	200	1
1	0	0.000740591	0	0	0
0	0.00071518	0	0	200	1
1	0.000577383	0	0	0	0
0	0	0.000597897	0	200	1
1	0	0.000452845	0	0	0
0	0.000437308	0	0	200	1
1	0.000298371	0	0	0	0
0	0	0.000308973	0	200	1
1	0	0.0001651	0	0	0
0	0.000159435	0	0	200	1
1	2.04988e-05	0	0	0	0
0	0	2.12271e-05	0	200	1
