Mode	X(m)	Y(m)	Z(m)	Power(W)	tParam
1	0.002	0.00178148	0	0	0
0	0.00192385	0.002	0	200	1
1	0.00181901	0.002	0	0	0
0	0.002	0.0014745	0	200	1
1	0.002	0.00116752	0	0	0
0	0.00171331	0.002	0	200	1
1	0.00160761	0.002	0	0	0
0	0.002	0.000861804	0	200	1
1	0.002	0.000553568	0	0	0
0	0.00150148	0.002	0	200	1
1	0.00139534	0.002	0	0	0
0	0.002	0.000244073	0	200	1
1	0.00197886	0	0	0	0
0	0.00128964	0.002	0	200	1
1	0.00118394	0.002	0	0	0
0	0.00187273	0	0	200	1
1	0.00176703	0	0	0	0
0	0.00107824	0.002	0	200	1
1	0.000972537	0.002	0	0	0
0	0.00166133	0	0	200	1
1	0.00155606	0	0	0	0
0	0.000866836	0.002	0	200	1
1	0.000760702	0.002	0	0	0
0	0.00144993	0	0	200	1
1	0.00134422	0	0	0	0
0	0.000655434	0.002	0	200	1
1	0.000549733	0.002	0	0	0
0	0.00123852	0	0	200	1
1	0.00113239	0	0	0	0
0	0.000443598	0.002	0	200	1
1	0.000337897	0.002	0	0	0
0	0.00102712	0	0	200	1
1	0.000921419	0	0	0	0
0	0.000232629	0.002	0	200	1
1	0.000126928	0.002	0	0	0
0	0.000815718	0	0	200	1
1	0.000709584	0	0	0	0
0	2.07937e-05	0.002	0	200	1
1	0	0.00175506	0	0	0
0	0.000604316	0	0	200	1
1	0.000497748	0	0	0	0
0	0	0.00144557	0	200	1
1	0	0.00113859	0	0	0
0	0.000392047	0	0	200	1
1	0.000286346	0	0	0	0
0	0	0.00083161	0	200	1
1	0	0.000524631	0	0	0
0	0.000180645	0	0	200	1
1	7.49438e-05	0	0	0	0
0	0	0.000217653	0	200	1
