Mode	X(m)	Y(m)	Z(m)	Power(W)	tParam
1	3.43761e-05	0.002	0	0	0
0	0	0.00101668	0	200	1
1	6.45513e-05	0	0	0	0
0	0.000134431	0.002	0	200	1
1	0.000234383	0.002	0	0	0
0	0.000164555	0	0	200	1
1	0.000264609	0	0	0	0
0	0.000334489	0.002	0	200	1
1	0.000434594	0.002	0	0	0
0	0.000364715	0	0	200	1
1	0.00046477	0	0	0	0
0	0.000534649	0.002	0	200	1
1	0.000634703	0.002	0	0	0
0	0.000564824	0	0	200	1
1	0.00066493	0	0	0	0
0	0.000734758	0.002	0	200	1
1	0.000834813	0.002	0	0	0
0	0.000764933	0	0	200	1
1	0.000864936	0	0	0	0
0	0.000934816	0.002	0	200	1
1	0.00103492	0.002	0	0	0
0	0.000965042	0	0	200	1
1	0.00106515	0	0	0	0
0	0.00113503	0.002	0	200	1
1	0.00123503	0.002	0	0	0
0	0.00116515	0	0	200	1
1	0.00126521	0	0	0	0
0	0.00133503	0.002	0	200	1
1	0.00143514	0.002	0	0	0
0	0.00136526	0	0	200	1
1	0.00146532	0	0	0	0
0	0.00153519	0.002	0	200	1
1	0.00163525	0.002	0	0	0
0	0.00156537	0	0	200	1
1	0.00166548	0	0	0	0
0	0.00173535	0.002	0	200	1
1	0.00183546	0.002	0	0	0
0	0.00176563	0	0	200	1
1	0.00186553	0	0	0	0
0	0.00193541	0.002	0	200	1
1	0.002	0.000984404	0	0	0
0	0.00196564	0	0	200	1
