Mode	X(m)	Y(m)	Z(m)	Power(W)	tParam
1	0	2.9781e-05	0	0	0
0	0.000211903	0	0	200	1
1	0.00093149	0	0	0	0
0	0	0.000130912	0	200	1
1	0	0.00023163	0	0	0
0	0.00164813	0	0	200	1
1	0.002	5.14964e-05	0	0	0
0	0	0.000332555	0	200	1
1	0	0.000433686	0	0	0
0	0.002	0.000152628	0	200	1
1	0.002	0.000253346	0	0	0
0	0	0.000534404	0	200	1
1	0	0.000635742	0	0	0
0	0.002	0.000354477	0	200	1
1	0.002	0.000455402	0	0	0
0	0	0.000736667	0	200	1
1	0	0.000837591	0	0	0
0	0.002	0.000556326	0	200	1
1	0.002	0.000657044	0	0	0
0	0	0.000938309	0	200	1
1	0	0.00103965	0	0	0
0	0.002	0.000758589	0	200	1
1	0.002	0.000859307	0	0	0
0	0	0.00114037	0	200	1
1	0	0.0012415	0	0	0
0	0.002	0.000960231	0	200	1
1	0.002	0.00106136	0	0	0
0	0	0.00134263	0	200	1
1	0	0.00144355	0	0	0
0	0.002	0.00116229	0	200	1
1	0.002	0.00126301	0	0	0
0	0	0.00154427	0	200	1
1	0	0.0016454	0	0	0
0	0.002	0.00136414	0	200	1
1	0.002	0.00146527	0	0	0
0	0	0.00174633	0	200	1
1	0	0.00184725	0	0	0
0	0.002	0.00156599	0	200	1
1	0.002	0.00166712	0	0	0
0	0	0.00194838	0	200	1
1	0.000350229	0.002	0	0	0
0	0.002	0.00176804	0	200	1
1	0.002	0.00186897	0	0	0
0	0.00106834	0.002	0	200	1
1	0.00178646	0.002	0	0	0
0	0.002	0.00196989	0	200	1
