Mode	X(m)	Y(m)	Z(m)	Power(W)	tParam
1	0	9.49544e-05	0	0	0
0	2.54429e-05	0	0	200	1
1	0.000129335	0	0	0	0
0	0	0.000482685	0	200	1
1	0	0.00086725	0	0	0
0	0.000232379	0	0	200	1
1	0.000336271	0	0	0	0
0	0	0.00125498	0	200	1
1	0	0.00163955	0	0	0
0	0.000439315	0	0	200	1
1	0.000543207	0	0	0	0
0	7.20884e-06	0.002	0	200	1
1	0.000111101	0.002	0	0	0
0	0.000647099	0	0	200	1
1	0.000750143	0	0	0	0
0	0.000213721	0.002	0	200	1
1	0.000317613	0.002	0	0	0
0	0.000854035	0	0	200	1
1	0.000957079	0	0	0	0
0	0.000421081	0.002	0	200	1
1	0.000524973	0.002	0	0	0
0	0.00106097	0	0	200	1
1	0.00116401	0	0	0	0
0	0.000627593	0.002	0	200	1
1	0.000731485	0.002	0	0	0
0	0.00126791	0	0	200	1
1	0.00137222	0	0	0	0
0	0.000835801	0.002	0	200	1
1	0.000938845	0.002	0	0	0
0	0.00147484	0	0	200	1
1	0.00157873	0	0	0	0
0	0.00104274	0.002	0	200	1
1	0.00114536	0.002	0	0	0
0	0.00168178	0	0	200	1
1	0.00178567	0	0	0	0
0	0.00124925	0.002	0	200	1
1	0.00135272	0.002	0	0	0
0	0.00188871	0	0	200	1
1	0.00199261	0	0	0	0
0	0.00145661	0.002	0	200	1
1	0.0015605	0.002	0	0	0
0	0.002	0.000360827	0	200	1
1	0.002	0.000745392	0	0	0
0	0.00166312	0.002	0	200	1
1	0.00176744	0.002	0	0	0
0	0.002	0.00113312	0	200	1
1	0.002	0.00151769	0	0	0
0	0.00187048	0.002	0	200	1
1	0.00197437	0.002	0	0	0
0	0.002	0.00190542	0	200	1
