Mode	X(m)	Y(m)	Z(m)	Power(W)	tParam
1	0.002	0.00183551	0	0	0
0	0.00188037	0.002	0	200	1
1	0.00175684	0.002	0	0	0
0	0.002	0.00166548	0	200	1
1	0.002	0.00149545	0	0	0
0	0.0016333	0.002	0	200	1
1	0.00150977	0.002	0	0	0
0	0.002	0.00132541	0	200	1
1	0.002	0.00115538	0	0	0
0	0.00138623	0.002	0	200	1
1	0.0012627	0.002	0	0	0
0	0.002	0.00098535	0	200	1
1	0.002	0.000815318	0	0	0
0	0.00113916	0.002	0	200	1
1	0.00101562	0.002	0	0	0
0	0.002	0.000645286	0	200	1
1	0.002	0.000475254	0	0	0
0	0.000892089	0.002	0	200	1
1	0.000768553	0.002	0	0	0
0	0.002	0.000305222	0	200	1
1	0.002	0.00013519	0	0	0
0	0.000645018	0.002	0	200	1
1	0.000521482	0.002	0	0	0
0	0.00197454	0	0	200	1
1	0.00185101	0	0	0	0
0	0.000398959	0.002	0	200	1
1	0.000274411	0.002	0	0	0
0	0.00172747	0	0	200	1
1	0.00160394	0	0	0	0
0	0.000150875	0.002	0	200	1
1	2.73398e-05	0.002	0	0	0
0	0.0014804	0	0	200	1
1	0.00135585	0	0	0	0
0	0	0.00186617	0	200	1
1	0	0.00169614	0	0	0
0	0.00123232	0	0	200	1
1	0.00110878	0	0	0	0
0	0	0.00152611	0	200	1
1	0	0.00135608	0	0	0
0	0.000985247	0	0	200	1
1	0.000861711	0	0	0	0
0	0	0.00118604	0	200	1
1	0	0.00101601	0	0	0
0	0.000738176	0	0	200	1
1	0.00061464	0	0	0	0
0	0	0.00084598	0	200	1
1	0	0.000675948	0	0	0
0	0.000491105	0	0	200	1
1	0.000367569	0	0	0	0
0	0	0.000505915	0	200	1
1	0	0.000335883	0	0	0
0	0.000244033	0	0	200	1
1	0.000120498	0	0	0	0
0	0	0.000165851	0	200	1
