Mode	X(m)	Y(m)	Z(m)	Power(W)	tParam
1	0	0	0	0	0
0	0.002	0	0	200	1
1	0.002	0.0001	0	0	0
0	0	0.0001	0	200	1
1	0	0.0002	0	0	0
0	0.002	0.0002	0	200	1
1	0.002	0.0003	0	0	0
0	0	0.0003	0	200	1
1	0	0.0004	0	0	0
0	0.002	0.0004	0	200	1
1	0.002	0.0005	0	0	0
0	0	0.0005	0	200	1
1	0	0.0006	0	0	0
0	0.002	0.0006	0	200	1
1	0.002	0.0007	0	0	0
0	0	0.0007	0	200	1
1	0	0.0008	0	0	0
0	0.002	0.0008	0	200	1
1	0.002	0.0009	0	0	0
0	0	0.0009	0	200	1
1	0	0.001	0	0	0
0	0.002	0.001	0	200	1
1	0.002	0.0011	0	0	0
0	0	0.0011	0	200	1
1	0	0.0012	0	0	0
0	0.002	0.0012	0	200	1
1	0.002	0.0013	0	0	0
0	0	0.0013	0	200	1
1	0	0.0014	0	0	0
0	0.002	0.0014	0	200	1
1	0.002	0.0015	0	0	0
0	0	0.0015	0	200	1
1	0	0.0016	0	0	0
0	0.002	0.0016	0	200	1
1	0.002	0.0017	0	0	0
0	0	0.0017	0	200	1
1	0	0.0018	0	0	0
0	0.002	0.0018	0	200	1
1	0.002	0.0019	0	0	0
0	0	0.0019	0	200	1
1	0	0.002	0	0	0
0	0.002	0.002	0	200	1
