Mode	X(m)	Y(m)	Z(m)	Power(W)	tParam
1	0.00198088	0	0	0	0
0	0.002	1.65351e-05	0	200	1
1	0.002	0.000152123	0	0	0
0	0.00183152	0	0	200	1
1	0.00168215	0	0	0	0
0	0.002	0.000285507	0	200	1
1	0.002	0.000421095	0	0	0
0	0.00153279	0	0	200	1
1	0.00138343	0	0	0	0
0	0.002	0.000554478	0	200	1
1	0.002	0.000691169	0	0	0
0	0.00123285	0	0	200	1
1	0.00108348	0	0	0	0
0	0.002	0.000824552	0	200	1
1	0.002	0.000959038	0	0	0
0	0.000935346	0	0	200	1
1	0.000785985	0	0	0	0
0	0.002	0.00109242	0	200	1
1	0.002	0.00122801	0	0	0
0	0.000636623	0	0	200	1
1	0.000487262	0	0	0	0
0	0.002	0.00136139	0	200	1
1	0.002	0.00149808	0	0	0
0	0.000336676	0	0	200	1
1	0.000187314	0	0	0	0
0	0.002	0.00163147	0	200	1
1	0.002	0.00176595	0	0	0
0	3.91768e-05	0	0	200	1
1	0	0.000100313	0	0	0
0	0.002	0.00190044	0	200	1
1	0.00196129	0.002	0	0	0
0	0	0.000233697	0	200	1
1	0	0.000369285	0	0	0
0	0.0018107	0.002	0	200	1
1	0.00166257	0.002	0	0	0
0	0	0.000502668	0	200	1
1	0	0.000639359	0	0	0
0	0.00151076	0.002	0	200	1
1	0.00136262	0.002	0	0	0
0	0	0.000772742	0	200	1
1	0	0.00090833	0	0	0
0	0.00121203	0.002	0	200	1
1	0.00106512	0.002	0	0	0
0	0	0.00104061	0	200	1
1	0	0.0011762	0	0	0
0	0.000914534	0.002	0	200	1
1	0.000766396	0.002	0	0	0
0	0	0.00130958	0	200	1
1	0	0.00144627	0	0	0
0	0.000614586	0.002	0	200	1
1	0.000466449	0.002	0	0	0
0	0	0.00157966	0	200	1
1	0	0.00171524	0	0	0
0	0.000315863	0.002	0	200	1
1	0.000167726	0.002	0	0	0
0	0	0.00184863	0	200	1
1	0	0.00198422	0	0	0
0	1.71399e-05	0.002	0	200	1
