Mode	X(m)	Y(m)	Z(m)	Power(W)	tParam
1	0.000256023	0.002	0	0	0
0	0	0.0019015	0	200	1
1	0	0.00179533	0	0	0
0	0.000532619	0.002	0	200	1
1	0.000812644	0.002	0	0	0
0	0	0.00168784	0	200	1
1	0	0.00158035	0	0	0
0	0.00109267	0.002	0	200	1
1	0.00137269	0.002	0	0	0
0	0	0.00147285	0	200	1
1	0	0.00136668	0	0	0
0	0.00164929	0.002	0	200	1
1	0.00192817	0.002	0	0	0
0	0	0.00125963	0	200	1
1	0	0.00115213	0	0	0
0	0.002	0.00191993	0	200	1
1	0.002	0.00181288	0	0	0
0	0	0.00104464	0	200	1
1	0	0.000937589	0	0	0
0	0.002	0.00170539	0	200	1
1	0.002	0.00159921	0	0	0
0	0	0.000830975	0	200	1
1	0	0.000723923	0	0	0
0	0.002	0.00149172	0	200	1
1	0.002	0.00138467	0	0	0
0	0	0.000616431	0	200	1
1	0	0.00050894	0	0	0
0	0.002	0.00127718	0	200	1
1	0.002	0.00116968	0	0	0
0	0	0.000401887	0	200	1
1	0	0.000295711	0	0	0
0	0.002	0.00106351	0	200	1
1	0.002	0.000956017	0	0	0
0	0	0.00018822	0	200	1
1	0	8.07283e-05	0	0	0
0	0.002	0.000848964	0	200	1
1	0.002	0.000741472	0	0	0
0	6.97205e-05	0	0	200	1
1	0.000348603	0	0	0	0
0	0.002	0.000633981	0	200	1
1	0.002	0.000527805	0	0	0
0	0.000625199	0	0	200	1
1	0.000905224	0	0	0	0
0	0.002	0.000420753	0	200	1
1	0.002	0.000313261	0	0	0
0	0.00118525	0	0	200	1
1	0.00146413	0	0	0	0
0	0.002	0.00020577	0	200	1
1	0.002	9.95942e-05	0	0	0
0	0.00174073	0	0	200	1
