Mode	X(m)	Y(m)	Z(m)	Power(W)	tParam
1	0.002	0.00193134	0	0	0
0	0.0018773	0.002	0	200	1
1	0.00167284	0.002	0	0	0
0	0.002	0.00181707	0	200	1
1	0.002	0.0017028	0	0	0
0	0.001465	0.002	0	200	1
1	0.00125885	0.002	0	0	0
0	0.002	0.00158853	0	200	1
1	0.002	0.00147426	0	0	0
0	0.00105271	0.002	0	200	1
1	0.000844868	0.002	0	0	0
0	0.002	0.00135906	0	200	1
1	0.002	0.00124573	0	0	0
0	0.00064041	0.002	0	200	1
1	0.000434262	0.002	0	0	0
0	0.002	0.00113146	0	200	1
1	0.002	0.00101719	0	0	0
0	0.000228114	0.002	0	200	1
1	2.19666e-05	0.002	0	0	0
0	0.002	0.000902917	0	200	1
1	0.002	0.000787711	0	0	0
0	0	0.00189669	0	200	1
1	0	0.00178242	0	0	0
0	0.002	0.000673441	0	200	1
1	0.002	0.000559171	0	0	0
0	0	0.00166815	0	200	1
1	0	0.00155388	0	0	0
0	0.002	0.000444902	0	200	1
1	0.002	0.000330632	0	0	0
0	0	0.00143961	0	200	1
1	0	0.00132628	0	0	0
0	0.002	0.000217299	0	200	1
1	0.002	0.000102093	0	0	0
0	0	0.00121107	0	200	1
1	0	0.00109586	0	0	0
0	0.00197699	0	0	200	1
1	0.00177253	0	0	0	0
0	0	0.000982531	0	200	1
1	0	0.000868261	0	0	0
0	0.00156638	0	0	200	1
1	0.00135855	0	0	0	0
0	0	0.000753055	0	200	1
1	0	0.000639722	0	0	0
0	0.00115409	0	0	200	1
1	0.000947942	0	0	0	0
0	0	0.000525453	0	200	1
1	0	0.000411183	0	0	0
0	0.000741794	0	0	200	1
1	0.000533956	0	0	0	0
0	0	0.000295977	0	200	1
1	0	0.000181707	0	0	0
0	0.000327809	0	0	200	1
1	0.000123351	0	0	0	0
0	0	6.83744e-05	0	200	1
