Mode	X(m)	Y(m)	Z(m)	Power(W)	tParam
1	0.00198859	0	0	0	0
0	0.002	2.62073e-05	0	200	1
1	0.002	0.000280942	0	0	0
0	0.00188046	0	0	200	1
1	0.00177144	0	0	0	0
0	0.002	0.000538822	0	200	1
1	0.002	0.000794605	0	0	0
0	0.00166286	0	0	200	1
1	0.00155385	0	0	0	0
0	0.002	0.00105039	0	200	1
1	0.002	0.00130512	0	0	0
0	0.00144572	0	0	200	1
1	0.0013367	0	0	0	0
0	0.002	0.00156195	0	200	1
1	0.002	0.00181774	0	0	0
0	0.00122813	0	0	200	1
1	0.00111955	0	0	0	0
0	0.00196901	0.002	0	200	1
1	0.00186043	0.002	0	0	0
0	0.00101142	0	0	200	1
1	0.000901961	0	0	0	0
0	0.00175141	0.002	0	200	1
1	0.00164329	0.002	0	0	0
0	0.000793832	0	0	200	1
1	0.000684814	0	0	0	0
0	0.00153382	0.002	0	200	1
1	0.00142614	0.002	0	0	0
0	0.000576685	0	0	200	1
1	0.000468557	0	0	0	0
0	0.00131801	0.002	0	200	1
1	0.00120855	0.002	0	0	0
0	0.000359538	0	0	200	1
1	0.000250965	0	0	0	0
0	0.00110042	0.002	0	200	1
1	0.0009914	0.002	0	0	0
0	0.000141946	0	0	200	1
1	3.3818e-05	0	0	0	0
0	0.000883272	0.002	0	200	1
1	0.000774253	0.002	0	0	0
0	0	0.000176113	0	200	1
1	0	0.000431896	0	0	0
0	0.000666125	0.002	0	200	1
1	0.000557106	0.002	0	0	0
0	0	0.000688727	0	200	1
1	0	0.000943462	0	0	0
0	0.000448533	0.002	0	200	1
1	0.000339515	0.002	0	0	0
0	0	0.00120134	0	200	1
1	0	0.00145503	0	0	0
0	0.000231831	0.002	0	200	1
1	0.000121923	0.002	0	0	0
0	0	0.00171291	0	200	1
1	0	0.00196869	0	0	0
0	1.37942e-05	0.002	0	200	1
