Mode	X(m)	Y(m)	Z(m)	Power(W)	tParam
1	0.00190051	0	0	0	0
0	0.002	0.00094633	0	200	1
1	0.002	0.00190442	0	0	0
0	0.00179981	0	0	200	1
1	0.00169952	0	0	0	0
0	0.00190978	0.002	0	200	1
1	0.00180908	0.002	0	0	0
0	0.00159883	0	0	200	1
1	0.00149833	0	0	0	0
0	0.00170859	0.002	0	200	1
1	0.00160789	0.002	0	0	0
0	0.00139763	0	0	200	1
1	0.00129714	0	0	0	0
0	0.00150739	0.002	0	200	1
1	0.0014069	0.002	0	0	0
0	0.00119644	0	0	200	1
1	0.00109616	0	0	0	0
0	0.00130661	0.002	0	200	1
1	0.00120571	0.002	0	0	0
0	0.000995456	0	0	200	1
1	0.000895169	0	0	0	0
0	0.00110542	0.002	0	200	1
1	0.00100493	0.002	0	0	0
0	0.000794677	0	0	200	1
1	0.000693772	0	0	0	0
0	0.000904024	0.002	0	200	1
1	0.000803737	0.002	0	0	0
0	0.000593485	0	0	200	1
1	0.000492786	0	0	0	0
0	0.000703244	0.002	0	200	1
1	0.000602752	0.002	0	0	0
0	0.000392293	0	0	200	1
1	0.0002918	0	0	0	0
0	0.000502053	0.002	0	200	1
1	0.00040156	0.002	0	0	0
0	0.000191307	0	0	200	1
1	9.06084e-05	0	0	0	0
0	0.000300861	0.002	0	200	1
1	0.000200368	0.002	0	0	0
0	0	9.40452e-05	0	200	1
1	0	0.00105213	0	0	0
0	9.96692e-05	0.002	0	200	1
