Mode	X(m)	Y(m)	Z(m)	Power(W)	tParam
1	5.14869e-05	0.002	0	0	0
0	0	0.00189827	0	200	1
1	0	0.00167994	0	0	0
0	0.000163655	0.002	0	200	1
1	0.000275823	0.002	0	0	0
0	0	0.00145979	0	200	1
1	0	0.00123785	0	0	0
0	0.000387991	0.002	0	200	1
1	0.000501078	0.002	0	0	0
0	0	0.00101771	0	200	1
1	0	0.000797564	0	0	0
0	0.000613246	0.002	0	200	1
1	0.000724495	0.002	0	0	0
0	0	0.000577422	0	200	1
1	0	0.000359084	0	0	0
0	0.000836663	0.002	0	200	1
1	0.00094975	0.002	0	0	0
0	0	0.000137138	0	200	1
1	4.22928e-05	0	0	0	0
0	0.00106192	0.002	0	200	1
1	0.00117501	0.002	0	0	0
0	0.00015538	0	0	200	1
1	0.000265709	0	0	0	0
0	0.00128533	0.002	0	200	1
1	0.00139934	0.002	0	0	0
0	0.000379716	0	0	200	1
1	0.000490965	0	0	0	0
0	0.00151059	0.002	0	200	1
1	0.00162276	0.002	0	0	0
0	0.000604052	0	0	200	1
1	0.00071622	0	0	0	0
0	0.00173585	0.002	0	200	1
1	0.00184709	0.002	0	0	0
0	0.000827469	0	0	200	1
1	0.000940556	0	0	0	0
0	0.00195926	0.002	0	200	1
1	0.002	0.00186038	0	0	0
0	0.00105272	0	0	200	1
1	0.00116489	0	0	0	0
0	0.002	0.00163843	0	200	1
1	0.002	0.00141829	0	0	0
0	0.00127798	0	0	200	1
1	0.00138831	0	0	0	0
0	0.002	0.00119995	0	200	1
1	0.002	0.000979813	0	0	0
0	0.0015014	0	0	200	1
1	0.00161356	0	0	0	0
0	0.002	0.000757866	0	200	1
1	0.002	0.000537724	0	0	0
0	0.00172665	0	0	200	1
1	0.0018379	0	0	0	0
0	0.002	0.000317582	0	200	1
1	0.002	9.74399e-05	0	0	0
0	0.00195007	0	0	200	1
