Mode X(m) Y(m) Z(m) Power(W) tParam
1.000000 -0.000250 -0.000250 0.000000 0.000000 0.000000
0.000000 0.000750 -0.000250 0.000000 370.000000 1.700000
1.000000 -0.000250 -0.000110 0.000000 0.000000 0.000000
0.000000 0.000750 -0.000110 0.000000 370.000000 1.700000
1.000000 -0.000250 0.000030 0.000000 0.000000 0.000000
0.000000 0.000750 0.000030 0.000000 370.000000 1.700000
1.000000 -0.000250 0.000170 0.000000 0.000000 0.000000
0.000000 0.000750 0.000170 0.000000 370.000000 1.700000
1.000000 -0.000250 0.000310 0.000000 0.000000 0.000000
0.000000 0.000750 0.000310 0.000000 370.000000 1.700000
1.000000 -0.000250 0.000450 0.000000 0.000000 0.000000
0.000000 0.000750 0.000450 0.000000 370.000000 1.700000
1.000000 -0.000250 0.000590 0.000000 0.000000 0.000000
0.000000 0.000750 0.000590 0.000000 370.000000 1.700000
1.000000 -0.000250 0.000730 0.000000 0.000000 0.000000
0.000000 0.000750 0.000730 0.000000 370.000000 1.700000
1.000000 0.000515 -0.000406 0.000050 0.000000 0.000000
0.000000 0.000906 0.000515 0.000050 370.000000 1.700000
1.000000 0.000386 -0.000351 0.000050 0.000000 0.000000
0.000000 0.000777 0.000570 0.000050 370.000000 1.700000
1.000000 0.000257 -0.000296 0.000050 0.000000 0.000000
0.000000 0.000648 0.000624 0.000050 370.000000 1.700000
1.000000 0.000128 -0.000242 0.000050 0.000000 0.000000
0.000000 0.000519 0.000679 0.000050 370.000000 1.700000
1.000000 -0.000001 -0.000187 0.000050 0.000000 0.000000
0.000000 0.000390 0.000734 0.000050 370.000000 1.700000
1.000000 -0.000129 -0.000132 0.000050 0.000000 0.000000
0.000000 0.000261 0.000788 0.000050 370.000000 1.700000
1.000000 -0.000258 -0.000077 0.000050 0.000000 0.000000
0.000000 0.000132 0.000843 0.000050 370.000000 1.700000
1.000000 -0.000387 -0.000023 0.000050 0.000000 0.000000
0.000000 0.000004 0.000898 0.000050 370.000000 1.700000
1.000000 0.000957 0.000238 0.000100 0.000000 0.000000
0.000000 0.000262 0.000957 0.000100 370.000000 1.700000
1.000000 0.000856 0.000140 0.000100 0.000000 0.000000
0.000000 0.000162 0.000860 0.000100 370.000000 1.700000
1.000000 0.000756 0.000043 0.000100 0.000000 0.000000
0.000000 0.000061 0.000762 0.000100 370.000000 1.700000
1.000000 0.000655 -0.000054 0.000100 0.000000 0.000000
0.000000 -0.000040 0.000665 0.000100 370.000000 1.700000
1.000000 0.000554 -0.000151 0.000100 0.000000 0.000000
0.000000 -0.000140 0.000568 0.000100 370.000000 1.700000
1.000000 0.000453 -0.000249 0.000100 0.000000 0.000000
0.000000 -0.000241 0.000471 0.000100 370.000000 1.700000
1.000000 0.000353 -0.000346 0.000100 0.000000 0.000000
0.000000 -0.000342 0.000373 0.000100 370.000000 1.700000
1.000000 0.000252 -0.000443 0.000100 0.000000 0.000000
0.000000 -0.000443 0.000276 0.000100 370.000000 1.700000
